# =======================================================
# Summary for weights/pidtables/2011-13Pos-am-bmm4-42.dat
# -------------------------------------------------------
# Comment:            GM && bdt < 0.55,0.55
# Number of cells:    70
# Number of pass :        76700
# Number of total:       279022
# -------------------------------
# min momentum:       4
# max momentum:       500
# min polar angle:    0
# max polar angle:    2.1
# -------------------------------
# min efficiency:       0.8
# max efficiency:       0.8
# min error:            0.001
# max error:            0.001
# -------------------------------
# <Efficiency>:       0.267839
#                 +/- 0.000831361
# <Delta Efficiency>: 0.00664366
# -------------------------------
  4.000   4.500  0.00  0.30 -180.00 180.00  0.302002  0.004802        2759           0        9137           0
  4.500   5.000  0.00  0.30 -180.00 180.00  0.314175  0.005557        2191           0        6975           0
  5.000   5.500  0.00  0.30 -180.00 180.00  0.306466  0.006204        1691           0        5519           0
  5.500   6.000  0.00  0.30 -180.00 180.00  0.293264  0.006855        1292           0        4407           0
  6.000   7.000  0.00  0.30 -180.00 180.00  0.276234  0.005716        1689           0        6116           0
  7.000   8.000  0.00  0.30 -180.00 180.00  0.257455  0.006892        1035           0        4022           0
  8.000  10.000  0.00  0.30 -180.00 180.00  0.238581  0.006346        1075           0        4508           0
 10.000  15.000  0.00  0.30 -180.00 180.00  0.225690  0.006977         809           0        3587           0
 15.000  20.000  0.00  0.30 -180.00 180.00  0.186839  0.013354         158           0         849           0
 20.000 500.000  0.00  0.30 -180.00 180.00  0.172485  0.017102          83           0         485           0
  4.000   4.500  0.30  0.60 -180.00 180.00  0.264938  0.004717        2318           0        8751           0
  4.500   5.000  0.30  0.60 -180.00 180.00  0.278902  0.005391        1929           0        6918           0
  5.000   5.500  0.30  0.60 -180.00 180.00  0.267296  0.006018        1444           0        5404           0
  5.500   6.000  0.30  0.60 -180.00 180.00  0.229991  0.006456         976           0        4246           0
  6.000   7.000  0.30  0.60 -180.00 180.00  0.216803  0.005325        1297           0        5985           0
  7.000   8.000  0.30  0.60 -180.00 180.00  0.216371  0.006504         866           0        4005           0
  8.000  10.000  0.30  0.60 -180.00 180.00  0.205099  0.006091         900           0        4391           0
 10.000  15.000  0.30  0.60 -180.00 180.00  0.196029  0.006638         700           0        3574           0
 15.000  20.000  0.30  0.60 -180.00 180.00  0.159281  0.012656         132           0         833           0
 20.000 500.000  0.30  0.60 -180.00 180.00  0.176113  0.017121          86           0         492           0
  4.000   4.500  0.60  0.90 -180.00 180.00  0.300908  0.004918        2616           0        8695           0
  4.500   5.000  0.60  0.90 -180.00 180.00  0.279100  0.005420        1910           0        6845           0
  5.000   5.500  0.60  0.90 -180.00 180.00  0.257132  0.006007        1360           0        5291           0
  5.500   6.000  0.60  0.90 -180.00 180.00  0.258502  0.006751        1086           0        4203           0
  6.000   7.000  0.60  0.90 -180.00 180.00  0.229625  0.005469        1357           0        5912           0
  7.000   8.000  0.60  0.90 -180.00 180.00  0.221037  0.006613         869           0        3934           0
  8.000  10.000  0.60  0.90 -180.00 180.00  0.210673  0.006211         907           0        4308           0
 10.000  15.000  0.60  0.90 -180.00 180.00  0.194339  0.006758         665           0        3425           0
 15.000  20.000  0.60  0.90 -180.00 180.00  0.168354  0.013304         132           0         788           0
 20.000 500.000  0.60  0.90 -180.00 180.00  0.161290  0.017635          69           0         432           0
  4.000   4.500  0.90  1.20 -180.00 180.00  0.402288  0.005325        3410           0        8477           0
  4.500   5.000  0.90  1.20 -180.00 180.00  0.372796  0.005988        2430           0        6519           0
  5.000   5.500  0.90  1.20 -180.00 180.00  0.345297  0.006676        1750           0        5069           0
  5.500   6.000  0.90  1.20 -180.00 180.00  0.333837  0.007484        1324           0        3967           0
  6.000   7.000  0.90  1.20 -180.00 180.00  0.301093  0.006139        1680           0        5581           0
  7.000   8.000  0.90  1.20 -180.00 180.00  0.286489  0.007446        1055           0        3684           0
  8.000  10.000  0.90  1.20 -180.00 180.00  0.262344  0.006946        1051           0        4008           0
 10.000  15.000  0.90  1.20 -180.00 180.00  0.245363  0.007502         806           0        3287           0
 15.000  20.000  0.90  1.20 -180.00 180.00  0.212711  0.014728         163           0         769           0
 20.000 500.000  0.90  1.20 -180.00 180.00  0.239130  0.020939          98           0         412           0
  4.000   4.500  1.20  1.50 -180.00 180.00  0.378709  0.005473        2973           0        7851           0
  4.500   5.000  1.20  1.50 -180.00 180.00  0.371723  0.006225        2239           0        6024           0
  5.000   5.500  1.20  1.50 -180.00 180.00  0.352212  0.006982        1647           0        4677           0
  5.500   6.000  1.20  1.50 -180.00 180.00  0.338220  0.007723        1268           0        3750           0
  6.000   7.000  1.20  1.50 -180.00 180.00  0.332689  0.006550        1720           0        5171           0
  7.000   8.000  1.20  1.50 -180.00 180.00  0.308555  0.007932        1045           0        3388           0
  8.000  10.000  1.20  1.50 -180.00 180.00  0.286058  0.007385        1070           0        3742           0
 10.000  15.000  1.20  1.50 -180.00 180.00  0.256248  0.007968         768           0        2999           0
 15.000  20.000  1.20  1.50 -180.00 180.00  0.242029  0.016294         166           0         688           0
 20.000 500.000  1.20  1.50 -180.00 180.00  0.214854  0.021125          80           0         375           0
  4.000   4.500  1.50  1.80 -180.00 180.00  0.291810  0.005439        2037           0        6982           0
  4.500   5.000  1.50  1.80 -180.00 180.00  0.268608  0.005979        1475           0        5493           0
  5.000   5.500  1.50  1.80 -180.00 180.00  0.273195  0.006811        1168           0        4277           0
  5.500   6.000  1.50  1.80 -180.00 180.00  0.253727  0.007513         850           0        3352           0
  6.000   7.000  1.50  1.80 -180.00 180.00  0.239286  0.006183        1138           0        4758           0
  7.000   8.000  1.50  1.80 -180.00 180.00  0.227558  0.007427         724           0        3184           0
  8.000  10.000  1.50  1.80 -180.00 180.00  0.215307  0.007092         722           0        3356           0
 10.000  15.000  1.50  1.80 -180.00 180.00  0.181477  0.007462         483           0        2665           0
 15.000  20.000  1.50  1.80 -180.00 180.00  0.135725  0.013517          86           0         639           0
 20.000 500.000  1.50  1.80 -180.00 180.00  0.125828  0.019053          37           0         300           0
  4.000   4.500  1.80  2.10 -180.00 180.00  0.279232  0.005848        1642           0        5882           0
  4.500   5.000  1.80  2.10 -180.00 180.00  0.259829  0.006410        1215           0        4678           0
  5.000   5.500  1.80  2.10 -180.00 180.00  0.238505  0.006987         886           0        3717           0
  5.500   6.000  1.80  2.10 -180.00 180.00  0.229630  0.007898         650           0        2833           0
  6.000   7.000  1.80  2.10 -180.00 180.00  0.219543  0.006560         873           0        3979           0
  7.000   8.000  1.80  2.10 -180.00 180.00  0.209839  0.007981         545           0        2600           0
  8.000  10.000  1.80  2.10 -180.00 180.00  0.186543  0.007349         523           0        2807           0
 10.000  15.000  1.80  2.10 -180.00 180.00  0.177171  0.008014         401           0        2267           0
 15.000  20.000  1.80  2.10 -180.00 180.00  0.137405  0.015025          71           0         522           0
 20.000 500.000  1.80  2.10 -180.00 180.00  0.120155  0.020203          30           0         256           0
