# =======================================================
# Summary for weights/pidtables/2011-13Neg-am-bmm4-42.dat
# -------------------------------------------------------
# Comment:            GM && bdt < 0.55,0.55
# Number of cells:    70
# Number of pass :        77378
# Number of total:       279422
# -------------------------------
# min momentum:       4
# max momentum:       500
# min polar angle:    0
# max polar angle:    2.1
# -------------------------------
# min efficiency:       0.8
# max efficiency:       0.8
# min error:            0.001
# max error:            0.001
# -------------------------------
# <Efficiency>:       0.269194
#                 +/- 0.000831451
# <Delta Efficiency>: 0.00664068
# -------------------------------
  4.000   4.500  0.00  0.30 -180.00 180.00  0.300286  0.004808        2728           0        9086           0
  4.500   5.000  0.00  0.30 -180.00 180.00  0.318843  0.005591        2214           0        6945           0
  5.000   5.500  0.00  0.30 -180.00 180.00  0.314311  0.006228        1745           0        5553           0
  5.500   6.000  0.00  0.30 -180.00 180.00  0.280296  0.006728        1248           0        4454           0
  6.000   7.000  0.00  0.30 -180.00 180.00  0.269788  0.005601        1693           0        6277           0
  7.000   8.000  0.00  0.30 -180.00 180.00  0.255377  0.006856        1032           0        4043           0
  8.000  10.000  0.00  0.30 -180.00 180.00  0.248584  0.006505        1096           0        4411           0
 10.000  15.000  0.00  0.30 -180.00 180.00  0.218717  0.006759         817           0        3738           0
 15.000  20.000  0.00  0.30 -180.00 180.00  0.175799  0.012854         153           0         874           0
 20.000 500.000  0.00  0.30 -180.00 180.00  0.185185  0.017602          89           0         484           0
  4.000   4.500  0.30  0.60 -180.00 180.00  0.270279  0.004704        2408           0        8911           0
  4.500   5.000  0.30  0.60 -180.00 180.00  0.286069  0.005458        1960           0        6853           0
  5.000   5.500  0.30  0.60 -180.00 180.00  0.259948  0.005953        1410           0        5426           0
  5.500   6.000  0.30  0.60 -180.00 180.00  0.238364  0.006404        1054           0        4424           0
  6.000   7.000  0.30  0.60 -180.00 180.00  0.223500  0.005340        1359           0        6083           0
  7.000   8.000  0.30  0.60 -180.00 180.00  0.208429  0.006491         815           0        3913           0
  8.000  10.000  0.30  0.60 -180.00 180.00  0.200000  0.006057         871           0        4358           0
 10.000  15.000  0.30  0.60 -180.00 180.00  0.170993  0.006324         605           0        3542           0
 15.000  20.000  0.30  0.60 -180.00 180.00  0.197005  0.013492         170           0         866           0
 20.000 500.000  0.30  0.60 -180.00 180.00  0.159737  0.017119          72           0         455           0
  4.000   4.500  0.60  0.90 -180.00 180.00  0.295778  0.004888        2577           0        8714           0
  4.500   5.000  0.60  0.90 -180.00 180.00  0.287493  0.005477        1962           0        6826           0
  5.000   5.500  0.60  0.90 -180.00 180.00  0.273181  0.006173        1422           0        5207           0
  5.500   6.000  0.60  0.90 -180.00 180.00  0.236554  0.006555         993           0        4200           0
  6.000   7.000  0.60  0.90 -180.00 180.00  0.238863  0.005497        1436           0        6014           0
  7.000   8.000  0.60  0.90 -180.00 180.00  0.211629  0.006610         807           0        3816           0
  8.000  10.000  0.60  0.90 -180.00 180.00  0.211557  0.006271         896           0        4238           0
 10.000  15.000  0.60  0.90 -180.00 180.00  0.187518  0.006696         636           0        3395           0
 15.000  20.000  0.60  0.90 -180.00 180.00  0.150350  0.012195         128           0         856           0
 20.000 500.000  0.60  0.90 -180.00 180.00  0.162584  0.017394          72           0         447           0
  4.000   4.500  0.90  1.20 -180.00 180.00  0.411528  0.005359        3469           0        8430           0
  4.500   5.000  0.90  1.20 -180.00 180.00  0.385168  0.006017        2518           0        6538           0
  5.000   5.500  0.90  1.20 -180.00 180.00  0.354279  0.006755        1775           0        5011           0
  5.500   6.000  0.90  1.20 -180.00 180.00  0.342462  0.007521        1362           0        3978           0
  6.000   7.000  0.90  1.20 -180.00 180.00  0.307251  0.006083        1766           0        5749           0
  7.000   8.000  0.90  1.20 -180.00 180.00  0.296788  0.007600        1071           0        3610           0
  8.000  10.000  0.90  1.20 -180.00 180.00  0.283923  0.007069        1154           0        4066           0
 10.000  15.000  0.90  1.20 -180.00 180.00  0.240696  0.007466         788           0        3276           0
 15.000  20.000  0.90  1.20 -180.00 180.00  0.216958  0.014545         173           0         800           0
 20.000 500.000  0.90  1.20 -180.00 180.00  0.214470  0.020838          82           0         385           0
  4.000   4.500  1.20  1.50 -180.00 180.00  0.383471  0.005482        3015           0        7863           0
  4.500   5.000  1.20  1.50 -180.00 180.00  0.369826  0.006236        2215           0        5990           0
  5.000   5.500  1.20  1.50 -180.00 180.00  0.351066  0.006934        1662           0        4735           0
  5.500   6.000  1.20  1.50 -180.00 180.00  0.341014  0.007804        1257           0        3687           0
  6.000   7.000  1.20  1.50 -180.00 180.00  0.331454  0.006452        1763           0        5320           0
  7.000   8.000  1.20  1.50 -180.00 180.00  0.307107  0.007888        1049           0        3417           0
  8.000  10.000  1.20  1.50 -180.00 180.00  0.302728  0.007549        1120           0        3701           0
 10.000  15.000  1.20  1.50 -180.00 180.00  0.257661  0.007937         781           0        3033           0
 15.000  20.000  1.20  1.50 -180.00 180.00  0.219158  0.015748         150           0         687           0
 20.000 500.000  1.20  1.50 -180.00 180.00  0.219298  0.022342          74           0         340           0
  4.000   4.500  1.50  1.80 -180.00 180.00  0.292240  0.005416        2059           0        7047           0
  4.500   5.000  1.50  1.80 -180.00 180.00  0.284713  0.006048        1584           0        5565           0
  5.000   5.500  1.50  1.80 -180.00 180.00  0.275928  0.006917        1151           0        4173           0
  5.500   6.000  1.50  1.80 -180.00 180.00  0.262611  0.007693         858           0        3269           0
  6.000   7.000  1.50  1.80 -180.00 180.00  0.242237  0.006143        1177           0        4861           0
  7.000   8.000  1.50  1.80 -180.00 180.00  0.227939  0.007569         699           0        3069           0
  8.000  10.000  1.50  1.80 -180.00 180.00  0.215923  0.007144         715           0        3314           0
 10.000  15.000  1.50  1.80 -180.00 180.00  0.181509  0.007486         480           0        2648           0
 15.000  20.000  1.50  1.80 -180.00 180.00  0.168301  0.015111         102           0         610           0
 20.000 500.000  1.50  1.80 -180.00 180.00  0.098639  0.017361          28           0         292           0
  4.000   4.500  1.80  2.10 -180.00 180.00  0.270551  0.005707        1638           0        6056           0
  4.500   5.000  1.80  2.10 -180.00 180.00  0.255605  0.006374        1196           0        4681           0
  5.000   5.500  1.80  2.10 -180.00 180.00  0.246724  0.007276         865           0        3508           0
  5.500   6.000  1.80  2.10 -180.00 180.00  0.231760  0.007978         647           0        2794           0
  6.000   7.000  1.80  2.10 -180.00 180.00  0.226354  0.006610         906           0        4005           0
  7.000   8.000  1.80  2.10 -180.00 180.00  0.197282  0.007841         507           0        2573           0
  8.000  10.000  1.80  2.10 -180.00 180.00  0.201185  0.007484         576           0        2866           0
 10.000  15.000  1.80  2.10 -180.00 180.00  0.159326  0.007603         368           0        2314           0
 15.000  20.000  1.80  2.10 -180.00 180.00  0.148936  0.015643          76           0         515           0
 20.000 500.000  1.80  2.10 -180.00 180.00  0.146444  0.022822          34           0         237           0
